# 行列

## 行列の入力
A = [1 2 3; 4 5 6; 7 8 9;];
A

#A =
#   1   2   3
#   4   5   6
#   7   8   9 
